Date,Staff,Students,Other,Total
2021-01-04,3,5,0,8
2021-01-05,2,4,0,6
2021-01-06,3,3,0,6
2021-01-07,2,6,0,8
2021-01-08,2,3,0,5
2021-01-09,3,1,0,4
2021-01-10,0,3,2,5
2021-01-11,5,0,2,7
2021-01-12,5,3,0,8
2021-01-13,2,3,1,6
2021-01-14,1,4,0,5
2021-01-15,0,3,0,3
2021-01-16,0,3,0,3
2021-01-17,1,1,0,2
