Period End,Staff,Students,Other,Total
2020-10-07,13,821,0,834
2020-10-08,17,812,0,829
2020-10-09,18,776,0,794
2020-10-10,22,695,0,717
2020-10-11,24,583,1,608
2020-10-12,24,489,1,514
2020-10-13,25,422,1,448
2020-10-14,25,394,1,420
2020-10-15,27,340,1,368
2020-10-16,26,294,1,321
2020-10-17,25,243,1,269
2020-10-18,22,205,1,228
